7 6 5 3 2
50 80 100 120 150 200 300
5 10 15 20 30 40
0.35 0.45 0.6 1.2 1.4
0.004 0.005 0.007
0 0.005
3.212472 15.771111
3.212518 15.774319
3.217498 15.723429
3.217556 15.727417
3.227669 15.628662
3.227751 15.634187
3.208037 15.813661
3.208074 15.816167
3.211916 15.776422
3.211961 15.779542
3.219744 15.702300
3.219807 15.706633
3.204182 15.851016
3.204209 15.852904
3.207071 15.822989
3.207105 15.825341
3.212889 15.767130
3.212937 15.770404
3.198443 15.907266
3.198456 15.908215
3.199873 15.893180
3.199890 15.894364
3.202742 15.865055
3.202766 15.866708
3.197627 15.915323
3.197639 15.916137
3.198851 15.903240
3.198865 15.904256
3.201306 15.879109
3.201326 15.880529
3.212472 31.542223
3.212565 31.546103
3.217498 31.446857
3.217614 31.451679
3.227669 31.257325
3.227832 31.263993
3.208037 31.627321
3.208110 31.630355
3.211916 31.552843
3.212006 31.556618
3.219744 31.404600
3.219871 31.409836
3.204182 31.702033
3.204236 31.704318
3.207071 31.645977
3.207139 31.648825
3.212889 31.534261
3.212984 31.538220
3.198443 31.814532
3.198470 31.815683
3.199873 31.786359
3.199907 31.787795
3.202742 31.730109
3.202790 31.732112
3.197627 31.830646
3.197650 31.831633
3.198851 31.806480
3.198880 31.807712
3.201306 31.758218
3.201347 31.759938
3.212472 47.313334
3.212611 47.318335
3.217498 47.170286
3.217672 47.176495
3.227669 46.885987
3.227913 46.894563
3.208037 47.440982
3.208146 47.444894
3.211916 47.329265
3.212051 47.334130
3.219744 47.106900
3.219934 47.113641
3.204182 47.553049
3.204264 47.555998
3.207071 47.468966
3.207173 47.472638
3.212889 47.301391
3.213032 47.306493
3.198443 47.721798
3.198483 47.723284
3.199873 47.679539
3.199924 47.681393
3.202742 47.595164
3.202814 47.597749
3.197627 47.745968
3.197662 47.747243
3.198851 47.709719
3.198895 47.711311
3.201306 47.637327
3.201367 47.639548
3.212472 63.084446
3.212658 63.091015
3.217498 62.893715
3.217730 62.901867
3.227669 62.514650
3.227995 62.525895
3.208037 63.254642
3.208182 63.259785
3.211916 63.105687
3.212097 63.112079
3.219744 62.809200
3.219997 62.818047
3.204182 63.404065
3.204291 63.407944
3.207071 63.291954
3.207207 63.296782
3.212889 63.068522
3.213079 63.075224
3.198443 63.629065
3.198497 63.631020
3.199873 63.572718
3.199941 63.575158
3.202742 63.460218
3.202837 63.463619
3.197627 63.661291
3.197673 63.662969
3.198851 63.612959
3.198909 63.615053
3.201306 63.516436
3.201387 63.519357
3.212472 94.626669
3.212751 94.637720
3.217498 94.340572
3.217846 94.354275
3.227669 93.771975
3.228157 93.790848
3.208037 94.881963
3.208254 94.890621
3.211916 94.658530
3.212187 94.669284
3.219744 94.213800
3.220124 94.228667
3.204182 95.106098
3.204345 95.112632
3.207071 94.937932
3.207275 94.946061
3.212889 94.602782
3.213174 94.614056
3.198443 95.443597
3.198524 95.446894
3.199873 95.359077
3.199974 95.363189
3.202742 95.190328
3.202885 95.196058
3.197627 95.491937
3.197697 95.494767
3.198851 95.419439
3.198938 95.422969
3.201306 95.274654
3.201428 95.279577
3.212472 126.168892
3.212844 126.186219
3.217498 125.787430
3.217963 125.808905
3.227669 125.029300
3.228320 125.058853
3.208037 126.509285
3.208327 126.522863
3.211916 126.211373
3.212278 126.228235
3.219744 125.618400
3.220250 125.641695
3.204182 126.808131
3.204399 126.818381
3.207071 126.583909
3.207343 126.596660
3.212889 126.137043
3.213269 126.154719
3.198443 127.258129
3.198551 127.263305
3.199873 127.145437
3.200008 127.151891
3.202742 126.920437
3.202932 126.929428
3.197627 127.322582
3.197720 127.327025
3.198851 127.225918
3.198967 127.231460
3.201306 127.032872
3.201469 127.040598
4.070229 19.885149
4.070288 19.891437
4.078347 19.809237
4.078420 19.817044
4.094829 19.658651
4.094932 19.669432
4.063082 19.952966
4.063127 19.957884
4.069332 19.893609
4.069389 19.899727
4.081980 19.775629
4.082061 19.784105
4.056879 20.012561
4.056913 20.016269
4.061526 19.967842
4.061569 19.972459
4.070903 19.878808
4.070963 19.885223
4.047662 20.102397
4.047680 20.104264
4.049957 20.079889
4.049978 20.082219
4.054565 20.034971
4.054595 20.038221
4.046354 20.115273
4.046369 20.116875
4.048317 20.095962
4.048336 20.097962
4.052257 20.057413
4.052283 20.060204
4.070229 39.770299
4.070347 39.777429
4.078347 39.618474
4.078494 39.627321
4.094829 39.317302
4.095035 39.329505
4.063082 39.905931
4.063173 39.911512
4.069332 39.787218
4.069447 39.794156
4.081980 39.551258
4.082141 39.560861
4.056879 40.025123
4.056947 40.029331
4.061526 39.935684
4.061612 39.940923
4.070903 39.757616
4.071023 39.764890
4.047662 40.204793
4.047697 40.206914
4.049957 40.159777
4.050000 40.162423
4.054565 40.069942
4.054625 40.073632
4.046354 40.230546
4.046384 40.232366
4.048317 40.191925
4.048354 40.194196
4.052257 40.114827
4.052309 40.117996
4.070229 59.655448
4.070406 59.663981
4.078347 59.427710
4.078567 59.438292
4.094829 58.975953
4.095138 58.990526
4.063082 59.858897
4.063219 59.865580
4.069332 59.680827
4.069504 59.689131
4.081980 59.326887
4.082221 59.338368
4.056879 60.037684
4.056981 60.042727
4.061526 59.903527
4.061655 59.909802
4.070903 59.636424
4.071083 59.645129
4.047662 60.307190
4.047714 60.309734
4.049957 60.239666
4.050021 60.242839
4.054565 60.104913
4.054655 60.109335
4.046354 60.345818
4.046399 60.348002
4.048317 60.287887
4.048372 60.290612
4.052257 60.172240
4.052335 60.176040
4.070229 79.540598
4.070464 79.551096
4.078347 79.236947
4.078641 79.249956
4.094829 78.634603
4.095241 78.652495
4.063082 79.811862
4.063264 79.820090
4.069332 79.574437
4.069561 79.584653
4.081980 79.102516
4.082301 79.116626
4.056879 80.050246
4.057016 80.056458
4.061526 79.871369
4.061698 79.879095
4.070903 79.515232
4.071143 79.525941
4.047662 80.409586
4.047731 80.412723
4.049957 80.319555
4.050042 80.323466
4.054565 80.139884
4.054685 80.145332
4.046354 80.461091
4.046413 80.463784
4.048317 80.383850
4.048391 80.387208
4.052257 80.229653
4.052360 80.234335
4.070229 119.310897
4.070582 119.327009
4.078347 118.855421
4.078788 118.875365
4.094829 117.951905
4.095446 117.979279
4.063082 119.717793
4.063356 119.730433
4.069332 119.361655
4.069675 119.377336
4.081980 118.653774
4.082461 118.675397
4.056879 120.075369
4.057084 120.084920
4.061526 119.807053
4.061784 119.818926
4.070903 119.272847
4.071263 119.289282
4.047662 120.614379
4.047765 120.619208
4.049957 120.479332
4.050085 120.485351
4.054565 120.209825
4.054745 120.218206
4.046354 120.691637
4.046443 120.695783
4.048317 120.575774
4.048428 120.580944
4.052257 120.344480
4.052412 120.351684
4.070229 159.081195
4.070700 159.105168
4.078347 158.473894
4.078935 158.503549
4.094829 157.269207
4.095652 157.309856
4.063082 159.623725
4.063447 159.642542
4.069332 159.148873
4.069790 159.172206
4.081980 158.205033
4.082621 158.237173
4.056879 160.100492
4.057153 160.114718
4.061526 159.742738
4.061869 159.760415
4.070903 159.030463
4.071383 159.054914
4.047662 160.819173
4.047800 160.826371
4.049957 160.639109
4.050128 160.648081
4.054565 160.279767
4.054805 160.292253
4.046354 160.922183
4.046472 160.928363
4.048317 160.767699
4.048464 160.775405
4.052257 160.459307
4.052463 160.470041
4.554928 22.192145
4.554994 22.200827
4.565129 22.097525
4.565211 22.108297
4.585882 21.910040
4.585997 21.924887
4.545956 22.276728
4.546007 22.283524
4.553802 22.202693
4.553866 22.211141
4.569700 22.055658
4.569789 22.067347
4.538178 22.351100
4.538216 22.356225
4.544005 22.295290
4.544053 22.301670
4.555774 22.184238
4.555841 22.193095
4.526634 22.463277
4.526654 22.465861
4.529506 22.435164
4.529530 22.438387
4.535278 22.379075
4.535312 22.383569
4.524997 22.479362
4.525014 22.481579
4.527454 22.455240
4.527475 22.458007
4.532388 22.407096
4.532416 22.410956
4.554928 44.384289
4.555060 44.393908
4.565129 44.195051
4.565293 44.206977
4.585882 43.820080
4.586112 43.836501
4.545956 44.553456
4.546058 44.560989
4.553802 44.405387
4.553930 44.414746
4.569700 44.111315
4.569879 44.124255
4.538178 44.702199
4.538255 44.707883
4.544005 44.590579
4.544101 44.597652
4.555774 44.368476
4.555908 44.378288
4.526634 44.926554
4.526673 44.929421
4.529506 44.870327
4.529554 44.873904
4.535278 44.758150
4.535345 44.763134
4.524997 44.958724
4.525030 44.961185
4.527454 44.910480
4.527495 44.913550
4.532388 44.814192
4.532445 44.818474
4.554928 66.576434
4.555125 66.587613
4.565129 66.292576
4.565376 66.306427
4.585882 65.730120
4.586227 65.749165
4.545956 66.830184
4.546109 66.838945
4.553802 66.608080
4.553994 66.618958
4.569700 66.166973
4.569968 66.181996
4.538178 67.053299
4.538293 67.059913
4.544005 66.885869
4.544149 66.894096
4.555774 66.552714
4.555975 66.564117
4.526634 67.389831
4.526692 67.393170
4.529506 67.305491
4.529578 67.309655
4.535278 67.137224
4.535379 67.143026
4.524997 67.438086
4.525047 67.440953
4.527454 67.365720
4.527516 67.369295
4.532388 67.221289
4.532474 67.226274
4.554928 88.768579
4.555191 88.781942
4.565129 88.390101
4.565458 88.406647
4.585882 87.640160
4.586342 87.662879
4.545956 89.106912
4.546161 89.117392
4.553802 88.810773
4.554057 88.823779
4.569700 88.222631
4.570058 88.240571
4.538178 89.404399
4.538331 89.412315
4.544005 89.181158
4.544197 89.191001
4.555774 88.736952
4.556042 88.750582
4.526634 89.853108
4.526711 89.857109
4.529506 89.740655
4.529602 89.745643
4.535278 89.516299
4.535412 89.523245
4.524997 89.917448
4.525063 89.920883
4.527454 89.820960
4.527536 89.825243
4.532388 89.628385
4.532503 89.634354
4.554928 133.152868
4.555323 133.172473
4.565129 132.585152
4.565622 132.609398
4.585882 131.460240
4.586572 131.493455
4.545956 133.660368
4.546263 133.675760
4.553802 133.216160
4.554185 133.235243
4.569700 132.333946
4.570237 132.360222
4.538178 134.106598
4.538408 134.118236
4.544005 133.771737
4.544293 133.786197
4.555774 133.105428
4.556177 133.125423
4.526634 134.779662
4.526749 134.785552
4.529506 134.610982
4.529650 134.618322
4.535278 134.274449
4.535479 134.284663
4.524997 134.876173
4.525096 134.881230
4.527454 134.731440
4.527577 134.737745
4.532388 134.442577
4.532560 134.451359
4.554928 177.537158
4.555454 177.565502
4.565129 176.780202
4.565787 176.815229
4.585882 175.280319
4.586802 175.328231
4.545956 178.213824
4.546365 178.236093
4.553802 177.621546
4.554313 177.649138
4.569700 176.445262
4.570416 176.483207
4.538178 178.808797
4.538485 178.825646
4.544005 178.362316
4.544389 178.383239
4.555774 177.473903
4.556311 177.502811
4.526634 179.706216
4.526788 179.714750
4.529506 179.481310
4.529698 179.491943
4.535278 179.032598
4.535547 179.047389
4.524997 179.834897
4.525129 179.842226
4.527454 179.641920
4.527618 179.651055
4.532388 179.256770
4.532618 179.269489
4.993925 24.270631
4.993997 24.281943
5.006226 24.157385
5.006316 24.171409
5.031293 23.933224
5.031419 23.952522
4.983118 24.371926
4.983174 24.380788
4.992568 24.283260
4.992638 24.294268
5.011742 24.107299
5.011840 24.122513
4.973757 24.461038
4.973799 24.467725
4.980769 24.394163
4.980822 24.402483
4.994944 24.261165
4.995018 24.272705
4.959879 24.595524
4.959900 24.598897
4.963331 24.561811
4.963357 24.566019
4.970269 24.494568
4.970306 24.500432
4.957913 24.614815
4.957931 24.617710
4.960864 24.585885
4.960887 24.589497
4.966794 24.528159
4.966825 24.533197
4.993925 48.541261
4.994069 48.553594
5.006226 48.314769
5.006406 48.330051
5.031293 47.866447
5.031545 47.887455
4.983118 48.743852
4.983230 48.753518
4.992568 48.566521
4.992708 48.578522
5.011742 48.214599
5.011938 48.231173
4.973757 48.922076
4.973841 48.929372
4.980769 48.788325
4.980874 48.797401
4.994944 48.522329
4.995091 48.534910
4.959879 49.191047
4.959921 49.194730
4.963331 49.123622
4.963383 49.128216
4.970269 48.989136
4.970343 48.995536
4.957913 49.229629
4.957949 49.232791
4.960864 49.171771
4.960909 49.175714
4.966794 49.056318
4.966857 49.061817
4.993925 72.811892
4.994141 72.825926
5.006226 72.472154
5.006496 72.489531
5.031293 71.799671
5.031671 71.823527
4.983118 73.115779
4.983286 73.126784
4.992568 72.849781
4.992778 72.863439
5.011742 72.321898
5.012036 72.340739
4.973757 73.383113
4.973883 73.391426
4.980769 73.182488
4.980927 73.192824
4.994944 72.783494
4.995165 72.797808
4.959879 73.786571
4.959942 73.790771
4.963331 73.685434
4.963409 73.690670
4.970269 73.483704
4.970380 73.490996
4.957913 73.844444
4.957967 73.848049
4.960864 73.757656
4.960932 73.762153
4.966794 73.584478
4.966888 73.590745
4.993925 97.082523
4.994213 97.098937
5.006226 96.629539
5.006586 96.649849
5.031293 95.732895
5.031797 95.760739
4.983118 97.487705
4.983342 97.500586
4.992568 97.133042
4.992848 97.149018
5.011742 96.429198
5.012134 96.451212
4.973757 97.844151
4.973925 97.853886
4.980769 97.576650
4.980979 97.588750
4.994944 97.044658
4.995238 97.061401
4.959879 98.382094
4.959963 98.387018
4.963331 98.247245
4.963436 98.253382
4.970269 97.978272
4.970416 97.986814
4.957913 98.459259
4.957985 98.463486
4.960864 98.343541
4.960954 98.348812
4.966794 98.112637
4.966920 98.119980
4.993925 145.623784
4.994357 145.647002
5.006226 144.944308
5.006766 144.973000
5.031293 143.599342
5.032049 143.638582
4.983118 146.231557
4.983454 146.249798
4.992568 145.699562
4.992988 145.722164
5.011742 144.643797
5.012330 144.674878
4.973757 146.766227
4.974009 146.780027
4.980769 146.364976
4.981084 146.382114
4.994944 145.566987
4.995386 145.590666
4.959879 147.573142
4.960005 147.580131
4.963331 147.370867
4.963488 147.379577
4.970269 146.967408
4.970490 146.979522
4.957913 147.688888
4.958021 147.694890
4.960864 147.515312
4.960999 147.522794
4.966794 147.168955
4.966983 147.179373
4.993925 194.165046
4.994501 194.197788
5.006226 193.259078
5.006946 193.299504
5.031293 191.465789
5.032301 191.520984
4.983118 194.975409
4.983566 195.001154
4.992568 194.266083
4.993128 194.297960
5.011742 192.858395
5.012526 192.902173
4.973757 195.688302
4.974093 195.707793
4.980769 195.153301
4.981189 195.177493
4.994944 194.089316
4.995533 194.122707
4.959879 196.764189
4.960048 196.774072
4.963331 196.494490
4.963541 196.506800
4.970269 195.956543
4.970563 195.973658
4.957913 196.918518
4.958057 196.927006
4.960864 196.687083
4.961044 196.697661
4.966794 196.225274
4.967046 196.239995
5.589850 27.075505
5.589930 27.091159
5.605327 26.934457
5.605428 26.953843
5.636944 26.655668
5.637085 26.682281
5.576271 27.201776
5.576333 27.214049
5.588143 27.091244
5.588222 27.106478
5.612276 26.872118
5.612386 26.893137
5.564524 27.312936
5.564571 27.322204
5.573322 27.229507
5.573381 27.241034
5.591131 27.063710
5.591214 27.079678
5.547134 27.480827
5.547157 27.485508
5.551456 27.438727
5.551485 27.444563
5.560151 27.354781
5.560192 27.362911
5.544672 27.504923
5.544692 27.508940
5.548367 27.468790
5.548392 27.473802
5.555795 27.396711
5.555830 27.403697
5.589850 54.151011
5.590011 54.167798
5.605327 53.868914
5.605529 53.889693
5.636944 53.311336
5.637226 53.339837
5.576271 54.403551
5.576396 54.416719
5.588143 54.182487
5.588300 54.198826
5.612276 53.744236
5.612495 53.766762
5.564524 54.625872
5.564618 54.635820
5.573322 54.459015
5.573440 54.471382
5.591131 54.127421
5.591296 54.144544
5.547134 54.961655
5.547181 54.966681
5.551456 54.877454
5.551515 54.883721
5.560151 54.709561
5.560233 54.718289
5.544672 55.009845
5.544712 55.014160
5.548367 54.937580
5.548417 54.942962
5.555795 54.793422
5.555865 54.800923
5.589850 81.226516
5.590091 81.245192
5.605327 80.803371
5.605629 80.826473
5.636944 79.967004
5.637366 79.998651
5.576271 81.605327
5.576459 81.619985
5.588143 81.273731
5.588378 81.291909
5.612276 80.616353
5.612605 80.641390
5.564524 81.938808
5.564665 81.949887
5.573322 81.688522
5.573499 81.702291
5.591131 81.191131
5.591378 81.210180
5.547134 82.442482
5.547204 82.448085
5.551456 82.316181
5.551544 82.323165
5.560151 82.064342
5.560274 82.074064
5.544672 82.514768
5.544732 82.519578
5.548367 82.406370
5.548443 82.412369
5.555795 82.190134
5.555901 82.198491
5.589850 108.302022
5.590172 108.323341
5.605327 107.737828
5.605730 107.764182
5.636944 106.622672
5.637507 106.658724
5.576271 108.807103
5.576521 108.823847
5.588143 108.364975
5.588457 108.385728
5.612276 107.488471
5.612714 107.517023
5.564524 109.251744
5.564712 109.264408
5.573322 108.918030
5.573557 108.933760
5.591131 108.254842
5.591460 108.276585
5.547134 109.923310
5.547228 109.929720
5.551456 109.754908
5.551573 109.762896
5.560151 109.419123
5.560315 109.430238
5.544672 110.019690
5.544752 110.025194
5.548367 109.875161
5.548468 109.882022
5.555795 109.586845
5.555936 109.596401
5.589850 162.453033
5.590333 162.481907
5.605327 161.606742
5.605931 161.642386
5.636944 159.934008
5.637789 159.982646
5.576271 163.210654
5.576647 163.233359
5.588143 162.547462
5.588613 162.575573
5.612276 161.232707
5.612933 161.271301
5.564524 163.877617
5.564806 163.894807
5.573322 163.377044
5.573675 163.398380
5.591131 162.382263
5.591625 162.411708
5.547134 164.884965
5.547275 164.893681
5.551456 164.632362
5.551632 164.643219
5.560151 164.128684
5.560397 164.143778
5.544672 165.029536
5.544793 165.037021
5.548367 164.812741
5.548518 164.822070
5.555795 164.380267
5.556006 164.393250
5.589850 216.604044
5.590494 216.643494
5.605327 215.475656
5.606133 215.524308
5.636944 213.245344
5.638071 213.311603
5.576271 217.614206
5.576772 217.645255
5.588143 216.729950
5.588770 216.768361
5.612276 214.976942
5.613153 215.029598
5.564524 218.503489
5.564900 218.527016
5.573322 217.836059
5.573792 217.865243
5.591131 216.509684
5.591789 216.549911
5.547134 219.846620
5.547322 219.858564
5.551456 219.509816
5.551691 219.524690
5.560151 218.838245
5.560480 218.858911
5.544672 220.039381
5.544833 220.049641
5.548367 219.750321
5.548568 219.763105
5.555795 219.173690
5.556077 219.191470
6.465632 31.163170
6.465725 31.186989
6.486471 30.976116
6.486587 31.005565
6.529191 30.607217
6.529353 30.647497
6.447389 31.330840
6.447461 31.349541
6.463338 31.184058
6.463428 31.207243
6.495843 30.893529
6.495969 30.925436
6.431636 31.478602
6.431690 31.492740
6.443433 31.367690
6.443500 31.385257
6.467356 31.147518
6.467451 31.171812
6.408364 31.702033
6.408392 31.709184
6.414143 31.645977
6.414177 31.654891
6.425778 31.534261
6.425826 31.546668
6.405074 31.734123
6.405097 31.740262
6.410013 31.686004
6.410042 31.693659
6.419947 31.590053
6.419988 31.600718
6.465632 62.326341
6.465818 62.351455
6.486471 61.952232
6.486704 61.983270
6.529191 61.214434
6.529516 61.256855
6.447389 62.661680
6.447534 62.681405
6.463338 62.368116
6.463519 62.392563
6.495843 61.787058
6.496096 61.820680
6.431636 62.957204
6.431745 62.972122
6.443433 62.735379
6.443568 62.753910
6.467356 62.295036
6.467546 62.320650
6.408364 63.404065
6.408419 63.411615
6.414143 63.291954
6.414211 63.301363
6.425778 63.068522
6.425873 63.081614
6.405074 63.468246
6.405121 63.474727
6.410013 63.372007
6.410071 63.380089
6.419947 63.180106
6.420029 63.191362
6.465632 93.489511
6.465911 93.516784
6.486471 92.928349
6.486820 92.962035
6.529191 91.821651
6.529678 91.867641
6.447389 93.992520
6.447606 94.013953
6.463338 93.552173
6.463609 93.578724
6.495843 92.680588
6.496222 92.717069
6.431636 94.435806
6.431799 94.452023
6.443433 94.103069
6.443636 94.123206
6.467356 93.442555
6.467641 93.470369
6.408364 95.106098
6.408446 95.114311
6.414143 94.937932
6.414244 94.948166
6.425778 94.602782
6.425921 94.617018
6.405074 95.202368
6.405144 95.209421
6.410013 95.058011
6.410100 95.066802
6.419947 94.770159
6.420069 94.782400
6.465632 124.652681
6.466004 124.682977
6.486471 123.904465
6.486936 123.941858
6.529191 122.428868
6.529841 122.479853
6.447389 125.323360
6.447678 125.347183
6.463338 124.736231
6.463699 124.765726
6.495843 123.574117
6.496348 123.614601
6.431636 125.914408
6.431853 125.932444
6.443433 125.470758
6.443704 125.493145
6.467356 124.590073
6.467736 124.620967
6.408364 126.808131
6.408473 126.817273
6.414143 126.583909
6.414278 126.595298
6.425778 126.137043
6.425968 126.152879
6.405074 126.936491
6.405167 126.944342
6.410013 126.744014
6.410129 126.753800
6.419947 126.360212
6.420110 126.373832
6.465632 186.979022
6.466190 187.017953
6.486471 185.856697
6.487168 185.904683
6.529191 183.643302
6.530166 183.708560
6.447389 187.985040
6.447823 188.015692
6.463338 187.104347
6.463880 187.142255
6.495843 185.361175
6.496602 185.413096
6.431636 188.871612
6.431962 188.894845
6.443433 188.206137
6.443839 188.234950
6.467356 186.885109
6.467926 186.924805
6.408364 190.212196
6.408527 190.223993
6.414143 189.875863
6.414346 189.890553
6.425778 189.205565
6.426063 189.225972
6.405074 190.404737
6.405214 190.414871
6.410013 190.116021
6.410187 190.128647
6.419947 189.540317
6.420191 189.557878
6.465632 249.305363
6.466376 249.356384
6.486471 247.808930
6.487401 247.871746
6.529191 244.857736
6.530491 244.942978
6.447389 250.646720
6.447968 250.686933
6.463338 249.472463
6.464061 249.522150
6.495843 247.148234
6.496855 247.216168
6.431636 251.828816
6.432070 251.859324
6.443433 250.941516
6.443975 250.979325
6.467356 249.180145
6.468115 249.232164
6.408364 253.616261
6.408581 253.631776
6.414143 253.167818
6.414414 253.187129
6.425778 252.274086
6.426158 252.300894
6.405074 253.872982
6.405260 253.886312
6.410013 253.488028
6.410245 253.504631
6.419947 252.720423
6.420273 252.743499
7.941675 37.960888
7.941789 38.003958
7.973455 37.682915
7.973597 37.736009
8.039004 37.136915
8.039203 37.209049
7.913955 38.210620
7.914044 38.244517
7.938183 37.991970
7.938294 38.033907
7.987788 37.560414
7.987943 37.617857
7.890095 38.431109
7.890162 38.456786
7.907956 38.265572
7.908039 38.297431
7.944299 37.937602
7.944415 37.981519
7.854972 38.765176
7.855005 38.778199
7.863679 38.681292
7.863721 38.697514
7.881241 38.514256
7.881299 38.536805
7.850018 38.813219
7.850047 38.824403
7.857455 38.741185
7.857491 38.755124
7.872435 38.597651
7.872485 38.617049
7.941675 75.921776
7.941903 75.966406
7.973455 75.365831
7.973740 75.420829
8.039004 74.273830
8.039402 74.348507
7.913955 76.421240
7.914133 76.456376
7.938183 75.983941
7.938405 76.027398
7.987788 75.120828
7.988098 75.180324
7.890095 76.862218
7.890228 76.888841
7.907956 76.531144
7.908122 76.564169
7.944299 75.875204
7.944532 75.920710
7.854972 77.530353
7.855039 77.543861
7.863679 77.362584
7.863762 77.379409
7.881241 77.028512
7.881357 77.051894
7.850018 77.626437
7.850075 77.638039
7.857455 77.482370
7.857526 77.496828
7.872435 77.195302
7.872535 77.215418
7.941675 113.882665
7.942017 113.929894
7.973455 113.048746
7.973882 113.106918
8.039004 111.410744
8.039601 111.489661
7.913955 114.631860
7.914221 114.669060
7.938183 113.975911
7.938515 114.021902
7.987788 112.681242
7.988252 112.744159
7.890095 115.293328
7.890295 115.321526
7.907956 114.796716
7.908205 114.831684
7.944299 113.812806
7.944648 113.860961
7.854972 116.295529
7.855072 116.309847
7.863679 116.043877
7.863804 116.061706
7.881241 115.542768
7.881415 115.567538
7.850018 116.439656
7.850104 116.451954
7.857455 116.223555
7.857562 116.238878
7.872435 115.792953
7.872585 115.814267
7.941675 151.843553
7.942131 151.894421
7.973455 150.731661
7.974024 150.794278
8.039004 148.547659
8.039799 148.632510
7.913955 152.842480
7.914310 152.882569
7.938183 151.967882
7.938626 152.017420
7.987788 150.241656
7.988407 150.309362
7.890095 153.724437
7.890361 153.754841
7.907956 153.062288
7.908288 153.099977
7.944299 151.750408
7.944764 151.802271
7.854972 155.060706
7.855105 155.076156
7.863679 154.725169
7.863846 154.744405
7.881241 154.057024
7.881473 154.083737
7.850018 155.252874
7.850132 155.266147
7.857455 154.964740
7.857597 154.981274
7.872435 154.390605
7.872635 154.413595
7.941675 227.765329
7.942358 227.826596
7.973455 226.097492
7.974309 226.172806
8.039004 222.821489
8.040197 222.923294
7.913955 229.263721
7.914487 229.312064
7.938183 227.951823
7.938847 228.011496
7.987788 225.362484
7.988717 225.443873
7.890095 230.586655
7.890494 230.623362
7.907956 229.593432
7.908455 229.638895
7.944299 227.625612
7.944996 227.688069
7.854972 232.591059
7.855171 232.609745
7.863679 232.087753
7.863929 232.111007
7.881241 231.085536
7.881589 231.117800
7.850018 232.879311
7.850189 232.895368
7.857455 232.447109
7.857669 232.467105
7.872435 231.585907
7.872734 231.613687
7.941675 303.687106
7.942586 303.762930
7.973455 301.463322
7.974593 301.556415
8.039004 297.095319
8.040595 297.220863
7.913955 305.684961
7.914664 305.744862
7.938183 303.935764
7.939069 304.009627
7.987788 300.483312
7.989027 300.583858
7.890095 307.448873
7.890627 307.494404
7.907956 306.124576
7.908621 306.180923
7.944299 303.500816
7.945229 303.578105
7.854972 310.121412
7.855238 310.144628
7.863679 309.450338
7.864012 309.479218
7.881241 308.114047
7.881706 308.154085
7.850018 310.505748
7.850246 310.525703
7.857455 309.929479
7.857740 309.954319
7.872435 308.781209
7.872834 308.815696
